Practica 15 CVRP 2 indices "oil_delivery" (n=7):
	z = 497
	k = 2
	arcos: (1,3) (1,5) (2,7) (3,6) (4,1) (5,4) (6,2) (7,1)

Practica 15 CVRP redes "oil_delivery" (n=7):
	z = 379
	Numero de vehiculos = 3
	arcos: (1,1) (1,3) (1,4) (2,6) (3,2) (4,1) (5,1) (6,5) (7,7)

Practica 15 CVRP 2 indices "ejemplo_residuos" (n=13):
	z = 290
	k = 4
	arcos: (1,2) (1,6) (1,8) (1,9) (2,3) (3,4) (4,5) (5,1) (6,1) (7,1) (8,13) (9,10) (10,7) (11,1) (12,11) (13,12)

Practica 15 CVRP redes "ejemplo_residuos" (n=13):
	z = 290
	Numero de vehiculos = 4
	arcos: (1,5) (1,6) (1,7) (1,8) (2,1) (3,2) (4,3) (5,4) (6,1) (7,9) (8,11) (9,10) (10,1) (11,12) (12,13) (13,1)

Practica 15 CVRP redes "E021-04m" (n=21):
	z = 358
	Numero de vehiculos = 5
	arcos: (1,1) (1,2) (1,8) (1,15) (1,18) (2,7) (3,1) (4,16) (5,1) (6,1) (7,20) (8,10) (9,3) (10,4) (11,13) (12,21) (13,1) (14,17) (15,14) (16,5) (17,19) (18,9) (19,11) (20,12) (21,6)

Practica 15 CVRP redes "E026-08m" (n=26):
	z = 606
	Numero de vehiculos = 9
	arcos: (1,1) (1,3) (1,4) (1,13) (1,17) (1,18) (1,20) (1,24) (1,25) (2,7) (3,5) (4,1) (5,26) (6,8) (7,15) (8,1) (9,10) (10,1) (11,1) (12,9) (13,12) (14,22) (15,1) (16,1) (17,14) (18,6) (19,23) (20,16) (21,1) (22,21) (23,1) (24,2) (25,19) (26,11)

Practica 15 CVRP redes "E051-05e" (n=51):
	z = 584
	Numero de vehiculos = 7
	arcos: (1,1) (1,12) (1,20) (1,32) (1,33) (1,38) (1,50) (2,28) (3,30) (4,29) (5,48) (6,1) (7,1) (8,44) (9,49) (10,39) (11,40) (12,17) (13,47) (14,26) (15,7) (16,45) (17,51) (18,13) (19,1) (20,41) (21,36) (22,35) (23,2) (24,8) (25,15) (26,19) (27,9) (28,1) (29,23) (30,21) (31,10) (32,27) (33,3) (34,46) (35,31) (36,37) (37,4) (38,18) (39,6) (40,34) (41,42) (42,14) (43,5) (44,25) (45,43) (46,16) (47,1) (48,1) (49,24) (50,11) (51,22)

Practica 15 CVRP redes "E076-10e" (n=76):
	z = 918
	Numero de vehiculos = 12
	arcos: (1,1) (1,5) (1,13) (1,27) (1,34) (1,39) (1,46) (1,47) (1,49) (1,52) (1,59) (1,69) (2,44) (3,63) (4,45) (5,75) (6,16) (7,1) (8,54) (9,20) (10,1) (11,40) (12,1) (13,73) (14,53) (15,36) (16,58) (17,18) (18,4) (19,25) (20,55) (21,38) (22,31) (23,65) (24,64) (25,50) (26,51) (27,68) (28,76) (29,62) (30,6) (31,1) (32,56) (33,41) (34,74) (35,1) (36,1) (37,70) (38,1) (39,66) (40,10) (41,1) (42,57) (43,7) (44,42) (45,33) (46,30) (47,9) (48,37) (49,48) (50,1) (51,19) (52,17) (53,35) (54,12) (55,14) (56,26) (57,24) (58,28) (59,11) (60,15) (61,71) (62,22) (63,23) (64,1) (65,43) (66,67) (67,60) (68,8) (69,3) (70,72) (71,21) (72,61) (73,32) (74,2) (75,29) (76,1)
