10_1
Practica 17 scheduling multistart con permutaciones aleatorias (n=10):
N actual: 100
	Solucion optima = 1171
	Precedencia de tareas = 1 4 6 10 2 3 7 9 5 8
	Tiempo de terminacion de las tareas = 13 26 37 50 64 82 101 119 138 158
N actual: 1000
	Solucion optima = 1082
	Precedencia de tareas = 4 6 3 10 1 7 2 9 5 8
	Tiempo de terminacion de las tareas = 13 24 42 55 68 87 101 119 138 158

20_1
Practica 17 scheduling multistart con permutaciones aleatorias (n=20):
N actual: 100
	Solucion optima = 11010
	Precedencia de tareas = 17 11 2 9 6 4 10 3 1 14 12 19 13 20 18 8 15 5 7 16
	Tiempo de terminacion de las tareas = 12 24 38 56 70 90 104 118 129 145 161 175 193 213 232 250 268 281 300 312
N actual: 1000
	Solucion optima = 10377
	Precedencia de tareas = 13 6 10 11 20 2 4 3 15 1 12 14 16 18 7 17 8 19 9 5
	Tiempo de terminacion de las tareas = 18 32 46 58 78 92 112 126 144 155 171 187 199 218 237 249 267 281 299 312

30_1
Practica 17 scheduling multistart con permutaciones aleatorias (n=30):
N actual: 100
	Solucion optima = 21636
	Precedencia de tareas = 25 13 27 2 15 5 24 12 9 6 16 4 3 17 23 21 11 29 19 8 14 7 28 20 10 18 30 22 1 26
	Tiempo de terminacion de las tareas = 14 29 47 59 76 91 107 118 132 144 162 179 199 219 238 252 266 285 301 315 334 350 368 381 394 412 431 451 469 488
N actual: 1000
	Solucion optima = 19958
	Precedencia de tareas = 5 7 9 8 13 17 28 15 3 27 25 21 22 26 12 18 24 1 2 19 14 30 20 23 4 10 6 29 11 16
	Tiempo de terminacion de las tareas = 15 31 45 59 74 94 112 129 149 167 181 195 215 234 245 263 279 297 309 325 344 363 376 395 412 425 437 456 470 488

40_1
Practica 17 scheduling multistart con permutaciones aleatorias (n=40):
N actual: 100
	Solucion optima = 52097
	Precedencia de tareas = 2 14 17 39 3 32 18 25 8 34 15 5 38 1 22 7 10 16 24 19 11 37 23 31 20 29 13 6 21 35 28 36 12 26 9 33 30 4 40 27
	Tiempo de terminacion de las tareas = 18 32 46 66 84 100 117 134 147 162 173 190 203 216 235 252 268 288 301 320 331 345 361 373 387 404 417 437 448 461 477 492 507 524 542 560 574 592 605 619
N actual: 1000
	Solucion optima = 50389
	Precedencia de tareas = 34 11 36 22 3 21 23 25 15 10 1 39 24 20 6 14 37 2 9 35 27 7 38 40 33 31 30 5 4 12 13 32 8 29 19 26 18 17 28 16
	Tiempo de terminacion de las tareas = 15 26 41 60 78 89 105 122 133 149 162 182 195 209 229 243 257 275 293 306 320 337 350 363 381 393 407 424 442 457 470 486 499 516 535 552 569 583 599 619

100_1
Practica 17 scheduling multistart con permutaciones aleatorias (n=100):
N actual: 100
	Solucion optima = 331802
	Precedencia de tareas = 34 49 95 40 70 82 91 35 54 74 51 73 28 90 33 39 3 8 12 42 16 76 52 22 92 99 53 44 89 48 30 69 87 79 88 47 1 77 5 19 11 97 60 80 36 10 55 26 4 20 96 63 24 68 75 86 100 72 37 23 94 83 65 78 41 21 17 50 14 27 29 31 81 18 45 59 25 64 57 85 9 38 66 67 43 61 62 2 32 13 15 84 93 98 46 56 6 58 7 71
	Tiempo de terminacion de las tareas = 14 32 45 63 80 96 107 125 136 151 167 180 190 202 220 238 252 265 279 298 317 333 350 367 377 392 410 427 439 455 469 487 504 523 538 552 569 585 599 617 634 649 662 677 691 710 726 739 751 765 780 791 802 818 834 845 865 882 897 907 923 937 953 966 984 995 1011 1029 1048 1058 1068 1082 1096 1106 1118 1130 1144 1159 1171 1181 1196 1213 1232 1248 1261 1277 1291 1305 1323 1334 1354 1372 1383 1400 1420 1435 1449 1468 1483 1497
N actual: 1000
	Solucion optima = 320909
	Precedencia de tareas = 35 78 53 38 45 21 39 86 97 90 3 55 76 52 82 88 83 48 1 51 94 91 44 22 20 69 59 10 54 74 27 68 66 87 100 19 92 61 30 7 73 89 71 95 96 62 98 77 85 36 5 56 8 41 31 47 23 32 42 60 49 2 18 28 46 6 63 99 9 24 12 84 13 33 40 15 81 26 64 80 4 16 75 43 14 72 37 34 58 67 29 70 11 57 79 25 93 50 65 17
	Tiempo de terminacion de las tareas = 18 31 49 66 78 89 107 118 133 145 159 175 191 208 224 239 253 269 286 302 318 329 346 363 377 395 407 426 437 452 462 478 497 514 534 552 562 578 592 607 620 632 646 659 674 688 705 721 731 745 759 774 787 805 819 833 843 861 880 893 911 925 935 945 965 979 990 1005 1020 1031 1045 1063 1074 1092 1110 1130 1144 1157 1172 1187 1199 1218 1234 1247 1266 1283 1298 1312 1331 1347 1357 1374 1391 1403 1422 1436 1447 1465 1481 1497
