10_1
Practica 17 scheduling multistart con permutaciones aleatorias y busqueda local (n=10):
N actual: 1
	Solucion optima = 973
	Precedencia de tareas = 10 6 4 1 3 9 7 2 5 8
	Tiempo de terminacion de las tareas = 13 24 37 50 68 86 105 119 138 158
N actual: 100
	Solucion optima = 973
	Precedencia de tareas = 6 4 10 1 3 9 7 2 5 8
	Tiempo de terminacion de las tareas = 11 24 37 50 68 86 105 119 138 158
N actual: 1000
	Solucion optima = 966
	Precedencia de tareas = 4 3 10 6 1 9 7 2 5 8
	Tiempo de terminacion de las tareas = 13 31 44 55 68 86 105 119 138 158

20_1
Practica 17 scheduling multistart con permutaciones aleatorias y busqueda local (n=20):
N actual: 1
	Solucion optima = 9010
	Precedencia de tareas = 2 6 10 1 11 3 12 4 13 18 7 20 17 14 19 16 15 9 5 8
	Tiempo de terminacion de las tareas = 14 28 42 53 65 79 95 115 133 152 171 191 203 219 233 245 263 281 294 312
N actual: 100
	Solucion optima = 9010
	Precedencia de tareas = 6 2 10 1 11 3 12 4 13 18 7 20 17 14 19 16 15 9 5 8
	Tiempo de terminacion de las tareas = 14 28 42 53 65 79 95 115 133 152 171 191 203 219 233 245 263 281 294 312
N actual: 1000
	Solucion optima = 9010
	Precedencia de tareas = 2 6 10 1 11 3 12 4 13 18 7 20 17 14 19 16 9 15 5 8
	Tiempo de terminacion de las tareas = 14 28 42 53 65 79 95 115 133 152 171 191 203 219 233 245 263 281 294 312

30_1
Practica 17 scheduling multistart con permutaciones aleatorias y busqueda local (n=30):
N actual: 1
	Solucion optima = 14596
	Precedencia de tareas = 15 9 25 2 8 17 7 5 1 24 12 23 14 21 19 28 27 13 16 6 10 30 29 26 3 20 11 4 18 22
	Tiempo de terminacion de las tareas = 17 31 45 57 71 91 107 122 140 156 167 186 205 219 235 253 271 286 304 316 329 348 367 386 406 419 433 450 468 488
N actual: 100
	Solucion optima = 14596
	Precedencia de tareas = 15 9 25 2 8 17 7 5 1 24 12 23 14 21 19 28 27 13 16 6 10 30 26 29 3 20 11 4 18 22
	Tiempo de terminacion de las tareas = 17 31 45 57 71 91 107 122 140 156 167 186 205 219 235 253 271 286 304 316 329 348 367 386 406 419 433 450 468 488
N actual: 1000
	Solucion optima = 14596
	Precedencia de tareas = 15 9 25 2 8 17 7 5 1 24 12 14 23 21 19 28 27 13 16 6 10 26 30 29 3 20 11 4 18 22
	Tiempo de terminacion de las tareas = 17 31 45 57 71 91 107 122 140 156 167 186 205 219 235 253 271 286 304 316 329 348 367 386 406 419 433 450 468 488

40_1
Practica 17 scheduling multistart con permutaciones aleatorias y busqueda local (n=40):
N actual: 1
	Solucion optima = 40388
	Precedencia de tareas = 3 14 8 34 23 21 1 7 10 11 24 35 9 39 32 28 31 25 2 27 29 33 36 22 38 6 17 15 5 18 20 37 19 16 12 4 13 40 30 26
	Tiempo de terminacion de las tareas = 18 32 45 60 76 87 100 117 133 144 157 170 188 208 224 240 252 269 287 301 318 336 351 370 383 403 417 428 445 462 476 490 509 529 544 562 575 588 602 619
N actual: 100
	Solucion optima = 40388
	Precedencia de tareas = 3 14 8 34 23 21 1 7 10 11 24 35 9 39 28 32 31 25 2 27 29 33 36 22 38 6 17 15 5 18 37 20 19 16 12 4 13 40 30 26
	Tiempo de terminacion de las tareas = 18 32 45 60 76 87 100 117 133 144 157 170 188 208 224 240 252 269 287 301 318 336 351 370 383 403 417 428 445 462 476 490 509 529 544 562 575 588 602 619
N actual: 1000
	Solucion optima = 40388
	Precedencia de tareas = 3 14 8 34 23 21 1 7 10 11 35 24 9 39 28 32 31 25 2 27 29 33 36 22 38 6 17 15 18 5 37 20 19 16 12 4 40 13 30 26
	Tiempo de terminacion de las tareas = 18 32 45 60 76 87 100 117 133 144 157 170 188 208 224 240 252 269 287 301 318 336 351 370 383 403 417 428 445 462 476 490 509 529 544 562 575 588 602 619

100_1
Practica 17 scheduling multistart con permutaciones aleatorias y busqueda local (n=100):
N actual: 1
	Solucion optima = 226520
	Precedencia de tareas = 92 91 13 21 89 5 23 27 60 8 78 45 77 73 74 80 85 1 62 3 68 69 35 26 50 82 34 42 66 54 86 40 75 30 38 96 9 19 39 53 76 10 14 20 52 44 11 99 97 88 48 17 67 98 47 71 32 24 93 61 59 70 84 81 16 46 64 7 28 22 33 57 100 36 12 6 56 51 65 49 79 18 29 63 90 4 95 43 25 2 83 31 37 55 94 72 87 41 58 15
	Tiempo de terminacion de las tareas = 10 21 32 43 55 69 79 89 102 115 128 140 156 169 184 199 209 226 240 254 270 288 306 319 337 353 367 386 405 416 427 445 461 475 492 507 522 540 558 576 592 611 630 644 661 678 695 710 725 740 756 772 788 805 819 833 851 862 873 889 901 918 936 950 969 989 1004 1019 1029 1046 1064 1076 1096 1110 1124 1138 1153 1169 1185 1203 1222 1232 1242 1253 1265 1277 1290 1303 1317 1331 1345 1359 1374 1390 1406 1423 1440 1458 1477 1497
N actual: 100
	Solucion optima = 226520
	Precedencia de tareas = 92 91 13 21 89 5 27 23 8 60 78 45 77 73 80 74 85 1 3 62 68 35 69 26 50 82 34 66 42 54 86 40 75 30 38 96 9 39 19 53 76 10 14 20 11 44 52 97 99 88 17 48 67 98 71 47 32 24 93 61 59 70 84 81 16 46 7 64 28 22 33 57 100 6 12 36 56 51 65 49 79 18 29 63 4 90 43 95 83 25 2 31 37 94 55 87 72 41 58 15
	Tiempo de terminacion de las tareas = 10 21 32 43 55 69 79 89 102 115 128 140 156 169 184 199 209 226 240 254 270 288 306 319 337 353 367 386 405 416 427 445 461 475 492 507 522 540 558 576 592 611 630 644 661 678 695 710 725 740 756 772 788 805 819 833 851 862 873 889 901 918 936 950 969 989 1004 1019 1029 1046 1064 1076 1096 1110 1124 1138 1153 1169 1185 1203 1222 1232 1242 1253 1265 1277 1290 1303 1317 1331 1345 1359 1374 1390 1406 1423 1440 1458 1477 1497
N actual: 1000
	Solucion optima = 226520
	Precedencia de tareas = 92 91 13 21 89 5 27 23 8 60 78 45 77 73 80 74 85 1 3 62 68 35 69 26 50 82 34 66 42 54 86 40 75 30 38 96 9 39 19 53 76 10 14 20 11 44 52 97 99 88 17 48 67 98 71 47 32 24 93 61 59 70 84 81 16 46 7 64 28 22 33 57 100 6 12 36 56 51 65 49 79 18 29 63 4 90 43 95 83 25 2 31 37 94 55 87 72 41 58 15
	Tiempo de terminacion de las tareas = 10 21 32 43 55 69 79 89 102 115 128 140 156 169 184 199 209 226 240 254 270 288 306 319 337 353 367 386 405 416 427 445 461 475 492 507 522 540 558 576 592 611 630 644 661 678 695 710 725 740 756 772 788 805 819 833 851 862 873 889 901 918 936 950 969 989 1004 1019 1029 1046 1064 1076 1096 1110 1124 1138 1153 1169 1185 1203 1222 1232 1242 1253 1265 1277 1290 1303 1317 1331 1345 1359 1374 1390 1406 1423 1440 1458 1477 1497
