Practica 15 CVRP clarke-wright "E021-04m" (n=21):
	z = 391
	Numero de vehiculos = 5
	arcos: (1,2) (1,3) (1,5) (1,14) (1,21) (2,7) (3,6) (4,10) (5,16) (6,1) (7,13) (8,1) (9,1) (10,8) (11,19) (12,20) (13,18) (14,15) (15,9) (16,4) (17,1) (18,1) (19,17) (20,11) (21,12)

Practica 15 CVRP clarke-wright "E026-08m" (n=26):
	z = 626
	Numero de vehiculos = 9
	arcos: (1,3) (1,4) (1,7) (1,8) (1,13) (1,16) (1,18) (1,21) (1,23) (2,24) (3,5) (4,1) (5,26) (6,1) (7,15) (8,12) (9,10) (10,1) (11,1) (12,9) (13,1) (14,17) (15,6) (16,20) (17,1) (18,2) (19,25) (20,1) (21,22) (22,14) (23,19) (24,1) (25,1) (26,11)

Practica 15 CVRP clarke-wright "E051-05e" (n=51):
	z = 582
	Numero de vehiculos = 6
	arcos: (1,2) (1,16) (1,18) (1,28) (1,33) (1,48) (2,23) (3,17) (4,29) (5,19) (6,13) (7,1) (8,44) (9,49) (10,11) (11,50) (12,3) (13,47) (14,26) (15,1) (16,46) (17,39) (18,38) (19,1) (20,41) (21,36) (22,30) (23,21) (24,7) (25,1) (26,15) (27,8) (28,9) (29,32) (30,51) (31,35) (32,27) (33,12) (34,40) (35,22) (36,37) (37,4) (38,45) (39,6) (40,31) (41,42) (42,14) (43,20) (44,25) (45,43) (46,34) (47,1) (48,5) (49,24) (50,1) (51,10)

Practica 15 CVRP clarke-wright "E076-10e" (n=76):
	z = 889
	Numero de vehiculos = 11
	arcos: (1,4) (1,7) (1,12) (1,18) (1,24) (1,48) (1,52) (1,53) (1,69) (1,73) (1,76) (2,74) (3,31) (4,45) (5,35) (6,30) (7,1) (8,27) (9,1) (10,40) (11,32) (12,66) (13,59) (14,55) (15,1) (16,58) (17,64) (18,13) (19,51) (20,36) (21,38) (22,29) (23,62) (24,57) (25,50) (26,56) (27,1) (28,16) (29,63) (30,1) (31,46) (32,26) (33,10) (34,3) (35,47) (36,9) (37,70) (38,6) (39,54) (40,41) (41,1) (42,43) (43,65) (44,42) (45,33) (46,1) (47,68) (48,37) (49,22) (50,1) (51,25) (52,17) (53,28) (54,8) (55,20) (56,19) (57,44) (58,14) (59,39) (60,15) (61,71) (62,1) (63,2) (64,34) (65,23) (66,67) (67,60) (68,1) (69,75) (70,72) (71,21) (72,61) (73,11) (74,1) (75,49) (76,5)
